153440430
1130472263
1402018468
2629236565
1889059370
1175242035
1940965568
3492258913
3556537318
44269663
864496924
3388373165
4031177186
1388363979
3380569016
409043001
1818150942
2919805559
2028652692
1488848645
345449114
4262773091
2048718768
3330578705
3060477270
3953105295
4173843724
3516727901
410674258
2431723259
1150772392
3354021609
3401876366
3179976103
2416843396
3726035637
3408234250
923947411
3651177120
597688769
974236358
2743076543
3675361532
774029325
2609998530
143171883
453921176
2280067481
1618838270
206195927
2097811572
766263909
3019566970
1664644547
3948577168
2813648497
3375819830
390580207
4153637100
2316480957
627242290
2488938331
2367885960
1748158537
2716911214
2783631367
304982628
2276027925
588143594
3522833907
2460605568
3728617249
1046606246
3174685983
3518792924
657971053
1309016994
2222510475
1565835128
468218617
2881834462
927938359
518228
460934597
278318170
3758783011
757963632
3455513553
1415166742
3302573647
1127986380
2392666397
164730386
3459745723
3227668584
2841842089
3001162062
1050307175
3311913540
3083264373
2299216074
660363859
2193931872
2832870529
371542150
1189675903
1811941564
1083031245
425503874
1009340907
1296745816
440247385
1953376446
992965015
2673627188
2055022885
488814906
2938293891
3045999952
2082658609
1326160374
1970017455
2721611948
1687453821
2038318834
2652975131
3981254216
726870793
2781903918
3719384263
2033482276
2160534741
1372861866
466671283
837365824
3763075553
4203982694
3416619487
1649679516
2038199853
3545064802
4180812363
3421002552
4240352697
1689260958
939719671
3699329044
2534397061
274118170
3742986979
2658434864
2836434577
3028584662
1041773327
1057086604
89169885
3961587666
3081709691
1188789288
3252360297
2801004302
3980885799
3775642116
3909236789
371276426
1743758099
3423547936
2506856257
686106182
1787248703
3509633148
1163656589
361770562
3643490987
3726999832
1900246809
2864909950
1642190423
485019636
2978566117
1693106938
1384539971
2782415120
4288156657
2214365110
3354763631
2819606636
3727265597
2641483954
578384091
604334600
1959972297
1719955950
3950313863
2489682404
3939507093
2997505898
2555428723
556712960
2366702753
3797003558
3601225375
957215836
2340705517
1037895458
1303163659
2902079224
1503926393
4175370590
14942391
2853234644
4265712453
3650543578
3221334947
766616304
3734071633
3232470678
1344036815
3487188044
3497479837
2368256402
974653755
4290963432
2148685609
414844110
1783747559
247065028
1955122933
1210545226
227290067
2772428256
1075069441
1813070854
1461370111
2120464444
2806873165
1844178946
474903403
2237562072
3417868761
2235315262
1898019607
2976878516
2777724581
1897073850
2988654595
1006144720
1490325169
1909044598
2812571183
215568428
831643133
2130553458
2921525659
2030826952
1399959689
1976346542
267777607
2944457124
1753502293
995141930
4231653427
1882888128
3679276897
257682150
3338433375
3920235548
1745843117
2339694818
1588102091
3628749496
291031865
168976158
582108535
1149028244
3285099013
1914128794
2273518691
2057635504
892961809
2727273558
866503823
428141580
3402710365
4205357906
2184325627
1389925288
2462636521
3119798926
2524539047
3123861892
2635769269
886959626
1827796115
1041684896
1066675393
426353094
2506324415
660140028
287456013
1076883906
2186470443
984987800
2824658073
3315177982
2578341847
1487966068
1767071077
1734055546
1924749507
934219920
4002957681
1647518518
3979901679
341121004
3649924285
1273084978
232632923
1948303752
368038729
2775129454
3421776647
1447455076
3701721365
562512618
1011634419
1858907008
29415969
3681708198
3311915039
1206412252
1507709549
4191488674
1223005323
1704504952
1117568505
2047468766
1848494647
3347244884
2591484101
530051930
2052971811
1695459952
3016285905
3287183894
1635023183
2143409100
253651997
2187386130
4240280251
3889987432
3904806057
2086858830
2457746791
2402617668
3849829493
839165898
450952531
106171744
1789613953
2863546246
3995170431
3218106300
1838823885
3927716738
3354957035
904606808
3320868697
1838890942
1279820951
1315688244
1334920229
2911133754
2030612867
2562446416
1738753073
3740848374
2977023919
1111695276
2430352253
1910377970
1315549979
3708013896
1259157001
119132974
3761217479
1417034020
1777237973
3675135146
2370304435
2896494400
1999348961
3763676774
984116447
1737030556
3954143533
113077346
1763960139
2896513592
1278210233
1787144862
4095119095
2397259540
1962569605
1742265626
491902435
212766256
2701097361
3465166806
2454218255
2790325132
4162771677
2987478738
1450847099
2794367784
2964561769
2445657614
3206566439
2038561028
274731829
3579552138
3961079315
2914484512
3625566785
3651083590
1779741503
2072649596
3883235469
158381378
3925837227
4005490712
590561817
3204523390
967829847
241258228
3943328485
3914164730
3922807363
2665404432
2864021233
2983902902
1292915823
1516463980
1379813949
2662506418
3162960859
3145013512
3247036617
3969829102
1298683015
3050326244
1931769493
497366634
1676468851
4186149632
4065177505
4156826662
3481160095
2622215004
3896791021
1877872162
1545827851
1160783352
3436340089
1027977310
86807479
912123604
2249799237
278529754
891227811
3510940144
2208126033
2887929238
3202454223
1894933324
546474397
1467613330
2082999355
3064927976
1499980329
1809636302
3172968167
2765695172
546548213
4104313674
4116369107
604058848
3734990081
2684107526
1375547391
3460699964
3916691277
2079160066
623359595
485551064
4276442329
998984510
1386515991
1414598324
243192229
7779258
701702915
3386383312
3733911985
3835227254
1490297135
1618341676
1483970813
3223286130
3841291419
1463067848
2284174217
3887595182
1415465287
3323238564
2600840533
3742142506
1962609459
1697146560
1776745057
998203878
1823041119
2045831964
1516007085
858189794
4272178891
116998584
2739148345
2483680798
841996407
2578630292
1083391237
530280602
3330639715
1385239984
576876305
2255919958
536870799
57019148
1664710749
2153443922
2592550139
2147336872
2442880233
3160945038
1832663975
2096797828
1490190517
2778354954
2338690963
2565941408
352081857
931502278
781905087
1808027388
508933645
1599240386
4130416427
3091277720
3620120473
2767827198
3353768663
469438068
3433986149
415251834
3721280451
3647446928
1777316977
3237173814
2910662127
2553984748
507258813
65307442
2490709339
939683976
3986742857
3391452270
1976663559
285419620
3293717525
1426336234
3039982579
1062435456
347571489
88530854
988398367
3560456924
2360855917
2384990626
1835423627
163618168
3997501689
1351777246
1272995127
3567380052
1462272965
3667728986
373637155
1884535152
2215561681
3343329558
778284111
3245077196
3671303965
2054431762
509054395
2855972456
1208887209
1965541198
4030074983
2913355844
1004312437
1040322250
1123655763
2085051488
1374716545
435893894
3366840703
1204078268
1893381325
291486338
433838059
4168065880
1821850201
4245444286
171284375
2703183412
2019122981
2548696890
3934426243
3444400976
4086804273
3500804086
1674279599
2238824108
1582823037
3619804402
3620091419
631143496
2159755529
2779195950
1921118919
1650194468
298441429
4115399594
1498619059
398773824
1769951201
4007304550
2734645215
3202472604
169241645
4273042274
86616139
2772842808
211106745
2493464990
1660822007
1122715156
3164146309
3344892954
2837330147
1246534960
4016202897
408155862
2731317519
1321474700
3793819101
3548747218
3025743483
489019944
2877303401
3353058574
2798462247
580663300
2356276789
1402603658
4040616211
2109984800
2889608513
18682950
687220287
2517073532
197325709
802503746
2364000427
1430019864
3155627289
2239970430
3394370647
1602080244
2755626469
599003386
1957702979
3846792976
1648814577
3715954102
3565094767
3956999788
327615805
3916916402
4222121691
667469832
271901641
3422363630
1261414279
3319728100
3861696917
1973689706
3592226163
3191628288
519985825
3522861862
1303002271
2376970844
2637712109
1115886882
1655585035
1900680440
2633281145
3253749598
3360237239
2152654292
2745487685
2879466970
1137734051
1077657840
3944562513
1667040406
1979368911
2402189900
333563037
1498367890
1229721403
8340968
716270889
641970894
834763239
127690692
1297253621
3156361802
2847764947
2368111584
2057213953
3869979142
2553520895
3394008636
1506701901
2557672962
2350184811
2254920408
84287449
3223216702
4177240343
316050868
589360293
2715703994
3776382467
2702944976
3703399601
4046201718
2555892783
3476459052
2022265853
650459250
2363226011
2252428232
2865612425
3471267246
1083874375
2269927332
3829074005
3419174698
3763351091
1115305408
737453409
3362183398
598366559
3562785308
1356687789
1465710306
1655966155
1166815416
2116247865
2051378462
209808247
1754056084
2131482629
2367920026
3944475235
4058064048
1040144913
3525464662
3769512591
2792040972
1255519069
428947794
166735867
3154571688
1952575465
1109395598
1909657255
3362183044
3242089397
2371533834
3261938323
3660543904
1406698177
73764806
2670092223
2555620860
96284941
1761148866
2485348907
2209388184
3324277401
1855834110
3337782743
3068759412
129864549
942204026
3564576451
3229888144
3384483697
1433899318
2283135215
1933858284
136241853
3177925170
1478539355
3368558472
2672159049
2149960558
3548565767
845408100
4004806421
763695338
1823250163
4097722752
3340906529
736056998
1304409631
1722556892
1875232877
2063538338
570104459
969706616
3470873593
2673808094
6746167
392488276
26091205
2980462938
3821052707
1056753776
4006130897
3462651926
1537662799
4164555212
2713510429
1644915474
1661309115
4152155496
2001842857
221290062
2277630823
280725316
1794470517
486766026
3483779923
3567168352
246001025
3557567878
109993087
4091356604
4199493581
4280762754
1641224939
2228752984
3190949209
2462150078
2767628951
2272709940
2765453861
1280552506
865105795
1128460880
3489667633
2485075702
3162058159
1539595692
2097656189
455711730
1781971227
3072142152
2086489097
4051206446
3299362247
2464528164
676935125
277736106
2951888819
1665703232
1732704993
2518946918
883577567
1482602908
2226218797
724138594
4249054027
2781554744
3991832249
1392302238
3032069367
3902227732
501982597
2666081050
2994641891
1196338224
1144606609
31567318
2678377487
677067148
1935102173
3229474002
21770619
2594244904
1648407913
3107288078
3561879591
3428480772
221759797
14446474
2787675155
741613344
3251771457
257887046
3609958719
279502204
1648651917
4173185858
4058254251
27119128
3958298649
1850299262
1137184599
4082932
2368250085
2216605690
589500483
1763178000
3595326705
1994599606
2386672239
1282844012
3523461181
3988794802
266205659
1493202696
282324681
1956607726
348846727
3029452516
4092144789
715588714
518072435
1599680768
3273852321
3774157350
2167025567
4248015196
1516258797
630987810
2437741579
558367736
2047539577
4141801054
2050603447
2011423956
115633221
447501530
471192739
1788268528
3306236497
1448852374
2775054543
445555020
1516568477
44600978
3515093563
3442701544
2750347305
3085863374
4164373735
654550724
2865061877
245737802
1521751251
3501183712
3289498369
2954766598
1505629695
1651955004
2824662349
863798530
2165718123
2982267352
2384128729
2197125438
2485564439
3707767988
2474051493
3309961658
133097731
2982361552
56610737
126048886
2519697199
1226517804
1104350973
586088306
3587603099
4130472648
1802097033
2606410926
78311239
3811055268
4096025429
1905286698
1849250099
4163896512
3514191969
638734310
469716063
3907692828
4220675245
1746337250
3134704843
2214797240
1375120441
751117342
3785817719
2701837460
792228613
716160666
625364323
1217737648
940590353
4119988566
2779800975
4069804300
832958045
910917714
7156475
4143194280
3944512233
3139166094
3560825255
2356614788
2254321333
1545544458
1107877267
4057056928
2888347073
4027156166
386257599
2634484988
2002299917
3441657538
2351541547
2365851032
594951577
2458246910
3335690455
427560052
3397430885
898993018
2259943875
3708075408
3187313265
2411710518
2902627311
2507273452
1194696125
3900051762
2296396635
376557192
3672044617
929702510
352855047
2858985060
197843477
453638122
2461710835
2106398848
3372276513
3208367526
770287903
4014211292
3003630445
811212706
2527321483
3854334840
2490474233
3597642206
3150021431
2144068692
1235728837
347301978
315622947
3238647664
2750848977
1229231894
423498319
338440396
333061405
2837885458
4207383483
3215133800
646528425
3028120910
2300687975
2826225220
583159157
1057545418
4041664083
4284086880
1356257409
1222714502
3619868543
3021571260
3120016077
594724994
3487456747
3408167256
1791021145
2663023806
1284226455
4050799668
2231735589
985748794
2217892483
3936125264
2900133169
2572711414
3950698671
3040541868
2632674429
2887082738
901463067
2172639816
3992147721
1519245358
111319239
3591599652
1570541781
2631127466
3240452787
2133879872
545433057
1177652070
531187167
603953308
192963117
4230316386
2171678283
2654213944
2688274873
362704798
424232951
1877427220
1223835781
1584878106
1769144035
4088707888
1334065809
4214449366
3100704527
588667020
1539410909
3908707282
1834169467
251672616
2230665321
3587394318
2007157543
1723643396
1118938165
1294128778
1007562515
2835901984
3369878337
1952776774
2763328575
3681434748
2600069517
3559541314
1223970475
3823320344
1656398617
3914558078
3591512663
3768765428
1439022053
2056085242
623506243
441091344
3066413041
3993854902
2857921903
1815495788
1035238205
462222514
690453723
1058809352
1936128457
1451609582
3661254023
1911064036
1280935829
2897079146
1849248627
3436838912
2394665121
2494794022
2583569055
3671945308
3485221101
2302223138
402636555
1160377080
336938105
1276212574
1258179767
219997140
1607993157
3451616218
3991877539
1079369456
3245938001
4112413334
2099850191
51560524
2753313437
3280328082
1154487611
214672360
1965065001
2430427342
1082204135
4077839812
3907795701
1546457162
943634387
3734839776
1794698753
1817518086
3332147455
2261070908
2233428045
3171552258
875265899
2399156440
1243854297
4094726206
1411761943
2731379636
260121253
3669600442
3462056963
3956197584
41302705
2543751542
2187016751
3190017068
1683016189
614254194
4024761755
2533798344
