3421911859
1928484544
2080549473
26989030
3721500255
4034648860
161291949
3319554018
153712331
3291820472
4015638073
63464990
1111623799
4237276820
237890821
3587367066
1700050787
721356208
3945930513
3046574934
599535503
2186607372
3857590365
2480169554
1449155835
660452008
2179273961
3366625678
3781323687
263948420
258027701
3625305354
2500380563
184752288
1065355201
1185548486
3085638847
3524738812
1870554637
4203735234
643716907
952440728
3074709401
3837796606
857776855
3718250100
120662117
4001344890
3041225667
4095578000
3777455217
1729874486
4016135663
82945772
2027476925
1843786546
1006003547
3232391304
1196592713
342877294
2870980103
1082923108
1573442581
889690602
4252869619
1370319488
61027617
963858342
2824991519
2790470364
1808301421
1307410850
3476785035
160206200
2368387321
3160468446
1581419831
4044281428
1788031941
1810139738
2992926755
156346736
1437497809
3229063446
2054151247
2548753100
4183316253
1459459090
3179331003
3492453992
925357993
1501181774
850149479
1979136068
607864693
1737326282
1441583187
1793674336
2974036609
1328522886
3863878015
27768508
3386074317
296561282
3109619691
864260952
4142197337
4041393854
264226711
341065268
3500936997
2159638330
3611935875
546526032
3416219441
4175591414
2248125103
1102622380
751085181
1121142002
2056742427
2765515848
826077449
2147588654
236987079
3212109860
3037760213
73364394
3270397107
514768448
3845849057
18287974
1019711455
3700214428
3371637805
1535566690
3998144587
3617728824
2924145593
1820176798
2813350391
149435924
3318987397
2746643482
1921870051
2480573744
2043810961
1268016854
1730726159
1825770124
1282786781
3911124434
1725062779
2980432424
1231673961
4097707278
3885192487
276637700
1453366837
3828709514
1025120531
3639984160
4032798017
3428942918
182867519
2474274428
478913421
87206978
3417634987
987778840
2704588057
2640948350
2586586199
1950531060
3395433957
2408808698
2798083395
1629443856
1260296689
4156908982
117651311
3887199852
96711997
3315127986
3385435867
2375071752
3347485641
2791804910
2099107719
1082652644
1128497557
600280426
2433234291
2847298048
3616148129
843516710
1136815263
3874005596
3957914349
2892530978
52652299
3325428984
4051328633
1977530206
1867208375
3755726292
1387233605
1124638170
1787797923
710521072
3730632529
1085109398
3802592719
3838669388
2047243421
402175890
1058357051
4086248936
661331241
179708622
2698488295
185423812
2840671477
600683082
1599119827
1156084704
1402095617
3086983686
1853084415
4216284732
3529974349
3001052674
2586978667
110840536
4109619161
1813303870
3274035479
3106635188
3339951269
13486778
2289972739
897686224
2254771377
1837405046
187434031
4204625452
1050018813
3824593010
3058509723
3264824264
418346633
425837998
953732167
260392868
2871113813
2298472234
478895667
42214848
3511702881
3871557862
2786232671
1495710236
3747486125
1045587682
3933813195
2902991032
897126713
2051276062
1171495799
1370076564
2212923397
1335560090
2670402147
1821316272
1242499601
3380789846
631923343
597301772
1556767581
4048202066
1929994235
4255572392
2146148329
1319270542
1060716199
3513239428
1594690485
1008086026
290482835
3733022624
1906062017
1271529414
2578878399
3974536700
2519064845
947285954
2710608427
2390001304
1893868185
514078718
3144463831
3738074484
3649061733
4196947066
556682947
1568284304
3828535153
2749366582
1798967535
3191555564
1375441597
3417094706
216131675
3417313160
1949800777
2863676270
3255894279
3089946468
3479908117
1774747882
1513604851
2027436416
156098593
2018231974
2356667935
117903836
3994450029
1325697186
3239070347
2748873848
2567373817
1533903582
4228456503
2047989076
205049541
254652762
1428149027
976926832
3282592977
1339314198
2834501455
2365129164
260149789
3268729618
1869529275
2007813480
1101750953
2982350414
3816297319
256669508
4204012149
2194597322
3889787731
360749920
557669761
25206150
1433308287
1543509436
1384636365
4088705410
2660256491
170656344
3552556377
3067600318
4089502359
552320308
1416112677
3781369402
1436002179
3637043792
189254193
613920502
1072520623
3058388396
4206125437
3933932530
3662145819
1888820040
1746861065
1813180718
3649467847
104769316
3537888725
1004624554
2127392691
2624752960
4131564257
2158003302
1605534431
71936412
2731677485
1547627106
3819477835
40310840
2061776569
991643806
2729174263
3033806100
3731248517
125868826
288213987
3004996656
2447966097
2103582166
625015823
3299486092
3974889693
441928914
3775226235
1231092008
2607441257
1708647438
3998492711
2960877316
1051097397
2377637770
3081485331
2577796896
2033567809
2464381766
2858142015
2086391164
843914893
2187014978
2381396907
4051811864
474777625
1987036030
484589399
4215487732
3398127845
1547577338
1249525827
3878544912
3798205681
3110837430
3792038511
2794296684
864055357
3995180466
1799301595
3104335624
3278216905
2940856046
2147035783
91928292
406838421
3037361258
4278999155
1024663808
1324266913
3649143334
3363987359
2762899804
3360749037
599886882
4009896971
1618211832
2043718009
2064469598
2323376567
2645611732
758062149
4266902746
2551514275
922009584
999348817
1005333398
2471766223
2926416204
2412359581
3314679442
3029156411
2592302312
4226328617
3701537230
9272551
3769931460
772018165
848369994
2508670163
1521599200
3494212353
4189231366
3778954751
3250177340
2687868237
3257529602
2893245547
4231379416
2303236825
3744196926
663806999
697629876
246003621
1350136250
1687558403
141109712
2420604849
1813760630
3930306351
2462194988
924827389
3294654322
1283959451
3972657864
2496364937
102046894
4129890119
27330212
1112216405
3406024234
2410971443
1786377408
168951905
2628698086
2946989151
2079693084
1767052461
2739695074
3218930891
2512326584
1955355705
3171128350
1144598135
275231892
1800610565
4184288922
4002774371
1703093168
2271212817
3039983958
736925071
1845704972
3537542749
3527733330
382100219
3537113256
300296937
3353235342
4209250727
196609668
191686325
2266665738
3593211283
2288236192
3173801409
1873671878
2195063487
3755605244
1191271437
3504404162
1993792811
570946968
2574511513
2999734014
1150077143
2812345460
864247397
3822386042
1219178947
4231703952
2075277937
2254977078
828818415
3198739692
2152877501
2599911730
1256287067
2476326536
722510921
1110741614
3168162823
2255591012
868321813
3012388842
629533171
1952909440
1584171809
602422694
1038211359
1574891740
3499651949
413110178
1928924555
3121113976
2312589049
3804109278
2695082807
683201620
1267886533
1048238170
1500460579
512214896
2081837009
1391789846
1741308495
1730879692
3504262429
2385519122
1953547195
2584935528
3424841129
424666446
4262979175
3712333380
1503722869
3776203978
240784979
2457594464
380274817
1855296646
1474494335
3397153980
292575949
205535362
2849738219
2595778904
193888345
4077974718
3835030935
2972138548
2346206501
2081473850
3682175619
3261231440
1264858417
2450580982
3492745391
2919361708
3386383485
3752252146
1930193947
1966590536
351602441
1969768494
2495662279
1605133860
258162901
3831972266
4114649779
3935984704
3267253729
149814118
3690034655
1579845788
2296451629
24834402
1695964747
621807416
410091961
234676126
2960881655
1113863188
3232559237
1397670426
1566715619
2177018672
1618209425
3203650774
4289539855
1034242188
3835050973
2266207186
2051826811
3623888936
1499394153
45464334
1793653543
1092462084
3680523317
3594405514
315711251
683302432
4085248833
2955506246
1764047935
3043044476
709007757
302496322
1111588523
3725012248
3730330393
3787053694
3094106711
3253189620
2858970085
3203190522
1103176515
2594206992
3860688881
1490408374
526163311
613233772
242297661
1076782258
298364123
2573473288
557361609
4050664942
2124971399
2568058340
938489749
324098922
1940159347
2631135232
3989266593
629143846
848712351
3499647068
1559032045
463377186
854912779
1855316728
3206214777
2692736350
3296754871
4180267988
4251105093
4255312858
3207489443
4008955632
3141059921
3807306390
3965017039
3576803404
2831215261
2326742418
353977659
3025900520
676999977
4124037326
3793178599
1660933572
2473257717
1012432970
4166117331
987697632
2859245057
774475782
4284266751
340272188
4231534669
3220667394
2093526891
2746493144
1351706073
8847422
2966419223
2510453684
1643369125
2452166842
3762420739
78952656
1922951857
3833004406
3081726511
638237740
2296216061
2857252466
3017158043
1205772744
1587252361
1208775598
3142414919
2120271268
1344826965
906736938
1433510963
2597569472
3595021153
2472425190
714108767
1223194652
1467748269
1690989794
3109339083
1851391672
1553180473
1007102750
1836237175
684307348
1953742341
1127699866
2207506531
98251440
1394925585
3903205462
1719847055
1368414220
4162771293
2797811538
1905747451
2531606440
3889477097
2757633678
1147331751
2930525572
3296772533
690158090
328970387
4171892128
3526396097
576056774
2739500479
2599508988
839964429
869236162
3593543723
3816776856
3774462105
288908798
4269857751
672627572
3308943717
461742714
1539052739
3227466896
1470473585
2125754166
1910994671
4131029996
3017607357
1271285810
636808795
140995976
467513161
1258088814
3413092103
2606388580
986440981
2186694378
2405960947
878303104
3003069985
2890445990
3969895455
2598031324
3276697197
448698018
351654027
1008491128
261855737
3260199134
2081572407
3976450900
3634365637
1774976858
4015167779
2788742768
788019921
970571286
3874846031
377569228
3983542301
688875794
4236691131
660417384
2257483945
2145358
2995501415
3487757636
4049721461
4066227146
4184783187
3520805216
1099674497
107907974
497775231
1025299388
3062683085
3411001218
188403947
3576225880
1313950553
361630654
306118807
3037117236
654073893
3233967162
2565827971
3445620816
1005887537
2974686454
1724171183
417106860
1244649341
2455149042
1961160475
2730391880
3888058889
201432878
1875844039
3149800740
446340053
1844521130
1447540147
4180028224
4205707489
167735910
3783551199
3660539804
723782957
3141204066
2727878987
798815800
921881785
1428321950
18811639
2711106324
480742277
4146129178
2267714019
4023171632
2507330961
2152303574
644702735
3351537548
3816060637
2673072850
1655138171
1300453160
860322665
987206158
2370948647
2992891140
3704500021
768126346
2123039251
1983032608
255729217
2486397254
2000858943
780831612
3026982029
607666498
413516203
4033911832
2539134489
1330114942
2630509911
3090168564
435783397
664761850
3164341827
1802961936
105569009
1174670006
4010233967
1370542956
1184228925
733948850
3982897115
514049288
2432677065
3705312494
2838220935
3947640036
1381274261
2929476202
516988531
3103309568
1679035297
2252501030
2986231199
1520844636
1505553389
67082786
4277907979
3768308216
1901674361
1446411358
1297682359
3796292308
1934250565
2968916698
266062499
1112989168
223653969
2780141974
497716943
1226428236
1961633181
3612380306
2428061755
823640808
1556069929
3326257102
1970610919
2179929284
2307245557
2971920202
3081800403
3580911840
2449983745
3311699718
4174326783
3808068412
2523829069
474546946
993129067
3977680856
4207816921
1076238142
2397243927
3981703860
1894903205
903659450
729931523
442779600
3714602417
1184249974
2741968175
2759285548
3822007549
96468338
473477275
3285668040
643798921
1330105006
3091580231
1975813284
2226768213
974625834
2646787891
2207355584
3857798753
986820070
1187865183
2952746780
1507396269
4073487330
115376843
651750840
2643391033
1733214750
4051719287
2328867476
1330141445
2634775706
2384872291
1033322928
1566427921
3554535254
91028367
3191961356
2090275933
3737484882
3011275003
970616488
2981576937
1411513742
1270200231
2856617092
977837237
2452578570
4187968403
525620384
1621668801
3552699590
722528447
237812476
122966541
3510764738
4020200235
3269120920
4151542681
2850585854
424210135
1345452660
1051038821
289032570
2321610691
2582104976
671944817
4240746038
1555835375
1425023724
2627453885
1310265138
3457970523
437853320
4137597513
889798766
501021191
3873903716
2492088341
1176712682
3353227251
2830149248
3070615841
2171415462
3367091999
2918887132
1983408493
3311508898
3607532427
437537144
3662931193
1781221342
3193231671
3069366868
1667342277
18949722
1187642403
3243107696
2353931729
1954706710
1450485839
2331729612
355812125
57847826
934332859
260790888
552469417
3593835342
819170407
3609474116
1909896053
648747722
3642186835
3281946720
1373691521
957055622
3603424639
2749444796
4057813197
2699249282
4071494635
2843561816
1275598425
2387550910
2898006935
478820916
3587472165
527962938
3187232899
3921776464
2365131569
4065285110
867071663
3873122988
733713021
1921671410
265384475
3911788616
2424118537
2682189358
2595319495
175367204
2760242901
1216286634
3521304755
3088448064
1309780961
4090816870
2691390431
1750615708
966461485
4185849698
3425559627
302900536
2254968761
2156662174
3298205175
3262132756
2723554949
1660358682
3196515555
3980052784
3773153425
828588758
3380712719
1393002124
2575741405
3541574098
3390466683
2582283816
3643016809
2117953806
2240717095
4098761732
4075817525
72815754
718841107
1913584672
2087733569
2936102982
78914111
3621251708
2160693133
686606402
1092486315
415107864
4148947225
790235262
4194072663
3457989108
3376325093
106306810
3943360835
1236374288
4075570673
4042670518
2164654959
502821484
2347671869
550761138
773305051
952595464
3267018697
3783846894
797123463
3962237924
393014677
4142606698
814793075
2172751360
1641330337
1808328486
1991915679
853024348
1858135789
1290051874
2199287051
2793783544
1082886777
204542814
1426432695
1225249236
1055255877
2286762458
3122474403
555609328
3789855569
4097855638
1465106895
4196789836
2756403357
460706706
1466780475
12055016
1226393897
3187244750
3936810471
763515844
3226771701
15945290
61025747
442871776
924251137
795049478
4254441215
500228668
517541453
1193183746
397358443
3361539800
939457497
235482686
4056554775
547977652
3953395877
2878629562
1985331715
964155088
2158411953
41512822
3716337711
4261935660
4160024573
1186317426
3048158107
1353973704
2618794633
2345083310
487725127
3620488100
2415862869
