1524449883
2298777992
3995132745
2723442030
2996484871
1762474340
1516493077
4141716202
3358187763
524712832
2183129633
3498293414
3909902367
1491416028
149676653
15817378
1843471499
2364046968
728354297
2155951326
84957751
2113255252
3071473861
1572488026
2327276835
3061086832
4249087697
218874390
433391951
3672810444
2374532125
2496212242
1119165115
4002959208
3274157225
1365655630
2459749735
3864254788
1911540853
1307768778
3635842387
631627104
1044539265
1826066310
3560834687
3257219004
1818249677
3704652674
938222827
2836595800
854949721
2519371710
782439575
53911348
3706016805
3695095866
3445244291
1928963152
1180062769
4281213174
508188591
147058604
2164149117
3655228914
2975417115
160931144
2880325129
3358925614
3720753095
3823962404
1226739669
294939818
555059635
4006530880
2717562081
60192358
1195179231
3476409244
4264395053
956939362
1208972619
2678397496
3245146297
3375168158
99163895
906368788
3070656389
1529556250
1503356387
600071728
418023825
1507299286
395900431
1277807500
502852317
3282673362
4200708987
754613032
462204777
1392055822
2653872679
894486788
2252874549
4202295690
4192130579
3334033696
1579209281
4059589958
18957119
3163484028
3517679757
3478455618
1541608875
2509684760
615010841
1740666238
1593473367
2614894324
634288869
1966586362
2987579971
2798430224
3218640625
1010831030
1322837103
1402222444
1909479997
2917330866
3311829979
3485001992
3130714313
3253344494
4058965127
2448890084
3284436629
89884266
2410312307
2640143104
3616325537
2570417190
1426250143
715694940
1848795117
493510178
2231305739
3554670072
3732894585
1142751326
569320375
2653992660
4254418501
152852186
760782499
2114617840
972579921
3382680982
2703368911
830157644
4259092893
3091353746
234855483
2362107624
1689317929
1765813198
186529511
2505570500
2414590453
1928407882
3809500883
112395488
655785217
1585810182
704233471
502982460
3474589517
1694615298
687556203
3346578392
2764727513
3027934014
1256136215
2323373748
112386469
965804986
4127503107
3480611792
975309233
690895990
2139926831
1549188908
3077941501
3330261362
600114331
589853896
698796937
557010606
802478407
3203098788
1830141269
3354583082
3366492979
984757952
429263457
2871046630
4213044831
4278041372
1673166509
2882748386
24106699
22614456
1633756729
2467382814
3923929207
2452985492
4252978437
1833812122
179246947
1694950832
657293073
2250500950
4012937103
2929646348
133400669
2152940114
2857286907
1976144552
1297380585
1174110606
3123366823
1915316356
3516567733
3440944394
3909822355
357759136
803432385
3963545798
3615980735
2586386172
258721293
3147221186
469022507
913897368
840677273
1041826046
588317399
3403013748
2454882405
1326091642
1039125443
2897571728
468894833
263760438
2300952047
1724614380
3433969597
1366610738
2570372443
2342928520
1200746057
3083912302
406326791
4136237156
668087317
2400877034
3234857971
378358400
2664863009
2467835814
1649300255
536154844
696638829
570712482
3659655051
1070624120
1758599417
2546584542
780332343
768915028
1770296261
3447679578
912183331
3094972784
3880376785
4179917078
2055486543
659866316
1459468061
1771861010
1007623611
2411101800
3291953065
3672840014
3423903847
2005211204
3457460085
1588616906
2693738579
1650011232
1330090625
350520966
3532290431
618239676
2103493837
819202690
4052707307
441938776
2338081369
106669758
1481648023
2561285684
460156709
459560762
1855202435
1045115728
202030897
2040485878
2221148847
4138897068
1815742077
3162645746
846579227
3505540168
2736541961
2541910574
1809351367
76728356
381283029
3499250602
2900405427
3232669248
3725484001
3940281702
4082364383
2706287260
1247050797
4257071970
1809135691
3875932472
1402096569
1946587550
9482743
3436058132
879041157
2943439898
891799779
2552393008
3238884497
3428927190
4225575183
1063053964
1169892829
31319506
1879096955
3260131880
4162402921
1506733326
2711336231
2435516420
1209663029
3178780810
3730602259
2642780192
2617441601
2453038150
599963199
4056698492
1136198541
1652132930
2794150059
3939774232
2941000985
1325567102
2606533719
1874370036
885233125
1147035898
2897329475
3287758608
4046060017
815941046
3389495151
3486242412
2430145853
3043473074
1011353307
4207712264
184939465
302542830
729167751
4106606564
2626478485
1109028202
26908019
148255232
2382195361
2351688486
1458490527
3603595868
2431015661
4240401698
1397344523
2394547448
3227631225
2307364702
2966140599
182564308
2430656837
3638787546
3419013539
1673629936
993546065
3919205526
1811633615
3665252940
1860949149
383227794
853778235
895161832
1471839529
879166158
3682601447
3940235204
1114281205
3207631434
3073573331
3063436256
1825941505
1576305158
334508799
1958823484
3442770509
776424962
2007533931
1605315288
3702206425
2580394558
3707121943
197221812
2970942629
2948115130
1560843779
3178855120
4061164721
1048671094
4073743407
4124532268
1967875069
702908530
1131120539
1358242760
2383337097
3106055598
2547067975
316876708
1544230997
3648177962
1941814835
4274259392
2774775137
2429036774
1977543007
1411947036
133921197
482952930
1832884683
246153400
2382393657
2047663390
3488873335
3285161364
4055361541
1335224218
4278549091
3138843824
478833169
2056233558
60736143
476314124
2907685725
3058272594
2977415163
1351795112
2447048681
477321358
1518444199
4032145284
4291193781
2040073226
2144520851
3713091488
1484755649
2984173510
735244223
1635286524
3297984781
2986168258
3785816619
1890084504
2453242521
2826770430
1306334679
1753505140
2736890725
2201171066
609791683
3935436432
1971203953
3975995702
3615387887
2895455724
2488332989
1203477042
346048603
1529606024
2063006025
1586568046
833184007
3937056612
938774293
3428540650
4161414899
4063762816
1526808609
1383114406
2028226079
3978883548
4199798893
2610653346
3598101131
2124176504
3677250553
659972830
784957495
324515156
162148037
1497928026
328872739
2112002160
1807992017
3909169174
998731599
1759699404
463925789
770947858
1484595387
3149442408
2503656105
62123598
1063285607
1297766212
49119861
1114752458
3439055699
2171632480
901823873
129334662
875228287
2880566716
345325517
1264292226
2705763051
1434444376
2394363225
2094054846
1590770327
3250691380
1571392037
613285434
3881961347
1258340944
573778481
3319041782
2429664687
2009410988
2829697405
2091510770
3165014299
3778083656
1618893833
336843054
3116291527
1205634852
1393116629
2425633450
3275739059
1928490304
630590177
1793418342
3367953119
3045820828
4071585581
4143303266
3954113355
910882872
111908537
3005491358
3725346039
1429869844
3413620101
2075884314
2387094499
3420748848
1873043345
3736010198
3430243343
1672743308
347168989
194391250
3568550267
1586288936
2425996649
468239374
3940321319
3987293956
245356853
2944057226
1936595987
1387654944
458827841
423123782
901261631
2267917692
3891953293
2552369986
3007814571
2247466520
3504597017
1485349758
3230834519
2469993716
1936503013
965281786
3403980867
512083472
3740230897
2462612662
2005551727
455570796
2903887933
1987083698
2285734363
3938731784
224722633
728418030
819038855
909678308
269040789
3688715370
1243527283
1353908480
3152156065
3018220070
237944735
17850716
3150861805
3969412130
1235782667
3447182328
2939685241
2134257246
779897271
624342228
1776319557
2091820250
869229731
81567728
2934717009
1163463574
2938669263
4036456780
858722205
485547666
316383803
1624196328
4072146985
3604077006
4256554215
4244797124
631074805
2524182858
2280236243
1088529120
1611191041
3760683270
2033886719
1739302204
2843934029
1980814594
1416219755
3116997080
2541746905
3177498942
1675707415
2561334452
3073054629
2816758202
866154755
3839953360
3530743729
1570286198
610801455
2591817004
3696566013
584011634
69601947
3215315656
2422923657
911604910
3617685319
25093796
297038677
2750852650
1097261363
2604258496
346382433
1194565606
838065247
1668774172
1617982637
2051231202
3441646795
467857336
3012803641
759985182
2967047799
1594725524
1470399237
1642204826
149937507
3364553648
4032517393
1186945366
476116367
860690700
1373634141
1875103826
1068811003
708833448
1783991017
3861852046
1487696295
3878020740
2326152885
220033802
1596878227
2075367072
2593111489
2520962758
2272420543
15457532
65977357
48748226
23936299
3904624024
1632325017
1831153406
2038245591
3453410420
1000652389
2506087290
3327496643
1574079888
1669175921
1879382070
1881875439
964871404
2972167613
2944819506
4246719323
3885342344
944768073
110457454
787395591
896497252
986376725
513820650
2648197619
2722556032
1721756449
2123177382
1557018911
2961232092
727044973
3719720866
2464116107
961301368
847163129
2670131678
904139575
511620180
1199819205
1897248858
1382651427
4138706800
984723409
1285678870
2363400783
2408906956
2340695325
1372520978
3355386811
1654578280
3862056361
1002489166
478168679
1473484356
3229244789
1765223626
2382132819
1928055392
2712529025
3041555590
689921919
1185830076
3791502029
2624002178
1997663723
1250709848
3976585305
1770640574
1915112855
1853692980
1402578213
1740350778
1740892803
2300203344
953128241
1405994486
1939042479
2080099500
3863837821
2320872178
2146094107
710126152
2480170761
2917738542
4151912647
2647279140
2920063189
3248103850
2486366899
4120525888
680637921
4088585062
4152219103
4226574492
2805887533
2494681442
4154244683
2104747832
2327372217
4135960478
3462125559
3209303060
742281349
805937690
2499579619
2936703792
3568257681
12629206
3110178575
2838440076
987470813
1355969490
1484440699
4054583336
2500743273
155622158
2851167015
986416644
2312746037
1082205834
3910385427
3595189792
2351125313
4143862342
1728158783
1823673468
1852832141
3763247682
2987908779
1459293464
963621657
4099062398
4271682135
4133329908
2445921253
3300372218
1017873219
2792903952
958975985
3534926774
2271280495
631706732
1988528957
1627210930
3645312219
2409625096
1907886537
2115050990
838917511
1179604452
3459880853
1118059370
2570509171
1693700096
289063073
2154092838
2864886431
2574925916
2666156269
1559589666
2551926539
2149171960
1526879353
2502477150
3405831351
3710890964
949229381
1685965786
2506672035
1364963056
1158948177
1289470614
2594814927
1675333708
4205202077
982394258
3722945851
4280775656
3853095721
3229659342
2713694183
3150820804
3917761269
1757110346
2234795987
2509173216
2964323841
1428058118
2312706303
3870950460
335902797
2891865090
4013887339
3318221016
2236138969
2403328062
262166295
557341620
3371512485
2450782394
2848742403
900503760
2336836273
4134789494
1146341935
977574956
2626869757
557651570
2515832219
1597669832
3770346633
147674030
524669511
2059314596
1041354325
2541655338
1638138931
1287104
391842657
1046681318
1599917919
485120028
488206253
876696802
1360732107
419290808
2182809401
483396382
3163758967
1408209812
3745848837
338834842
1483620451
2103644848
1386233873
1521684566
1769416847
3814340620
2779003229
482482002
2231748091
4073791400
2260997609
321848974
3836429479
1184507268
574235061
4154841610
3072200851
3766085024
2786322625
157994438
442881471
1753431036
2105423629
508976578
2873589803
2394113176
1330714777
4228990462
3589356503
3939326836
198957413
4119888506
1407612099
4135001232
2515600753
147935030
2200688367
4254360556
3543296189
4174719026
2192789083
551767432
798822217
534628718
1074267911
3336058212
3763684629
4125699818
3795479795
381269888
1907529249
2272105638
1040985119
1509732316
1821101677
1481995938
1063006347
1608530552
516094457
1866174686
1943184951
1061794644
3541132485
2229722970
583858467
316716656
68393681
2483461654
2659833167
2339053516
1452632093
1160661266
3130336955
1953041256
1730009257
4078017614
2473859431
2263930180
3065722997
1124111306
328276307
650844512
1125061505
2376297350
3781677695
3855528892
2509911501
2482413442
2733715691
3917267032
1447603033
1015475134
3259981975
2396822324
2906505253
1424837690
532270467
3902267472
4292870193
2475359478
1554588591
4082527148
3575986045
1434810866
2890092315
2623166792
3978195465
3573710638
1426553799
4133225764
3619945429
3550742698
1337595315
950405952
2533449953
4114895462
2945501407
1685145500
402746669
1190254690
3214836043
2894124600
2411343033
2922075806
25127671
4210955028
112782213
1012648218
2034561507
831822384
2687382929
2727766998
4070687247
4291708812
1748621021
1100135122
727041915
1806645032
3044465513
2447929870
249179687
1754383620
1774686005
3767242122
1867342355
407014688
2657189441
2609400134
3885961023
2455530364
2266592397
2868846914
3539739051
1306819608
2565832217
2455818622
2239415639
2300975860
1071310565
1441420794
839280195
1271850000
2950052593
1616964278
697020527
3746214764
2636858941
3842902962
1600425947
3646924040
3892253897
2046522606
1594110087
352982244
2266886805
3866042986
518192755
899194624
1040673697
1638354982
1554687391
2416451420
3929689069
3184949794
1856115211
2527048184
1942003577
996105310
3059314615
583840468
2902176325
5305050
546712227
960413168
2913996881
1881307542
1585376975
608415564
1968276893
3752815762
3288836155
6529768
3767475753
1634961358
4154295015
389870788
1042228725
2785462090
3742558931
2761965792
248195329
752445190
1976273919
3790365500
3166434125
1093657346
2015908459
1940551640
1443205337
2136930110
271804951
2506742452
2524138917
3729235898
4018945795
2682005456
3432232369
2031294582
2190703919
3308337964
1711576317
2502876530
685183131
531837128
788461449
2693311150
2663261511
1856136356
2435000661
604666922
74786611
491877056
1568978529
3864432102
773440095
1887516444
3992349357
3133365218
690414283
4126985656
2845200953
3096945182
589345911
2457178772
949598469
3599129754
494969699
3382649264
4082707217
644532054
450976655
478893836
1486648413
759455314
2976565499
2588298920
2535891177
326294926
780015527
4273104004
1988230325
2838642954
3080827795
4221842592
722211777
2069284038
346900671
2285804284
3779179021
1950934210
255181611
1385083800
206234521
3309395198
2470006487
2942818932
3284595813
331688314
4245379011
2759830416
3168301169
660702774
1082165743
3905553132
2859541437
