0.012048
0.024096
0.036145
0.048193
0.060241
0.072289
0.084337
0.096386
0.108434
0.120482
0.132530
0.144578
0.156627
0.168675
0.180723
0.192771
0.204819
0.216867
0.228916
0.240964
0.253012
0.265060
0.277108
0.289157
0.301205
0.313253
0.325301
0.337349
0.349398
0.361446
0.373494
0.385542
0.397590
0.409639
0.421687
0.433735
0.445783
0.457831
0.469880
0.481928
0.493976
0.506024
0.518072
0.530120
0.542169
0.554217
0.566265
0.578313
0.590361
0.602410
0.614458
0.626506
0.638554
0.650602
0.662651
0.674699
0.686747
0.698795
0.710843
0.722892
0.734940
0.746988
0.759036
0.771084
0.783133
0.795181
0.807229
0.819277
0.831325
0.843373
0.855422
0.867470
0.879518
0.891566
0.903614
0.915663
0.927711
0.939759
0.951807
0.963855
0.975904
0.987952
